{"nbformat":4,"nbformat_minor":0,"metadata":{"colab":{"name":"cnn.ipynb","version":"0.3.2","provenance":[],"collapsed_sections":[]},"kernelspec":{"name":"python3","display_name":"Python 3"}},"cells":[{"cell_type":"code","metadata":{"id":"AJt8N6mzE5FK","colab_type":"code","outputId":"c26204b9-ed88-4c11-ca84-acb956ba7fde","executionInfo":{"status":"ok","timestamp":1563882350069,"user_tz":-270,"elapsed":27319,"user":{"displayName":"mat kia","photoUrl":"","userId":"13133835004136888590"}},"colab":{"base_uri":"https://localhost:8080/","height":129}},"source":["from google.colab import drive\n","\n","drive.mount('./drive', force_remount=True)"],"execution_count":1,"outputs":[{"output_type":"stream","text":["Go to this URL in a browser: https://accounts.google.com/o/oauth2/auth?client_id=947318989803-6bn6qk8qdgf4n4g3pfee6491hc0brc4i.apps.googleusercontent.com&redirect_uri=urn%3Aietf%3Awg%3Aoauth%3A2.0%3Aoob&scope=email%20https%3A%2F%2Fwww.googleapis.com%2Fauth%2Fdocs.test%20https%3A%2F%2Fwww.googleapis.com%2Fauth%2Fdrive%20https%3A%2F%2Fwww.googleapis.com%2Fauth%2Fdrive.photos.readonly%20https%3A%2F%2Fwww.googleapis.com%2Fauth%2Fpeopleapi.readonly&response_type=code\n","\n","Enter your authorization code:\n","··········\n","Mounted at ./drive\n"],"name":"stdout"}]},{"cell_type":"code","metadata":{"id":"NuEI_ksWHYjV","colab_type":"code","outputId":"a92f2ef9-bf21-4aa7-edec-fa23c866b181","executionInfo":{"status":"error","timestamp":1563882360074,"user_tz":-270,"elapsed":2515,"user":{"displayName":"mat kia","photoUrl":"","userId":"13133835004136888590"}},"colab":{"base_uri":"https://localhost:8080/","height":229}},"source":["import tensorflow as tf\n","device_name = tf.test.gpu_device_name()\n","if device_name != '/device:GPU:0':\n","  raise SystemError('GPU device not found')\n","print('Found GPU at: {}'.format(device_name))"],"execution_count":2,"outputs":[{"output_type":"error","ename":"SystemError","evalue":"ignored","traceback":["\u001b[0;31m---------------------------------------------------------------------------\u001b[0m","\u001b[0;31mSystemError\u001b[0m                               Traceback (most recent call last)","\u001b[0;32m<ipython-input-2-d1680108c58e>\u001b[0m in \u001b[0;36m<module>\u001b[0;34m()\u001b[0m\n\u001b[1;32m      2\u001b[0m \u001b[0mdevice_name\u001b[0m \u001b[0;34m=\u001b[0m \u001b[0mtf\u001b[0m\u001b[0;34m.\u001b[0m\u001b[0mtest\u001b[0m\u001b[0;34m.\u001b[0m\u001b[0mgpu_device_name\u001b[0m\u001b[0;34m(\u001b[0m\u001b[0;34m)\u001b[0m\u001b[0;34m\u001b[0m\u001b[0;34m\u001b[0m\u001b[0m\n\u001b[1;32m      3\u001b[0m \u001b[0;32mif\u001b[0m \u001b[0mdevice_name\u001b[0m \u001b[0;34m!=\u001b[0m \u001b[0;34m'/device:GPU:0'\u001b[0m\u001b[0;34m:\u001b[0m\u001b[0;34m\u001b[0m\u001b[0;34m\u001b[0m\u001b[0m\n\u001b[0;32m----> 4\u001b[0;31m   \u001b[0;32mraise\u001b[0m \u001b[0mSystemError\u001b[0m\u001b[0;34m(\u001b[0m\u001b[0;34m'GPU device not found'\u001b[0m\u001b[0;34m)\u001b[0m\u001b[0;34m\u001b[0m\u001b[0;34m\u001b[0m\u001b[0m\n\u001b[0m\u001b[1;32m      5\u001b[0m \u001b[0mprint\u001b[0m\u001b[0;34m(\u001b[0m\u001b[0;34m'Found GPU at: {}'\u001b[0m\u001b[0;34m.\u001b[0m\u001b[0mformat\u001b[0m\u001b[0;34m(\u001b[0m\u001b[0mdevice_name\u001b[0m\u001b[0;34m)\u001b[0m\u001b[0;34m)\u001b[0m\u001b[0;34m\u001b[0m\u001b[0;34m\u001b[0m\u001b[0m\n","\u001b[0;31mSystemError\u001b[0m: GPU device not found"]}]},{"cell_type":"code","metadata":{"id":"jBKyplleos-Q","colab_type":"code","colab":{"base_uri":"https://localhost:8080/","height":533},"outputId":"cf312a82-1ff6-4e13-a7e9-da9b61465753","executionInfo":{"status":"ok","timestamp":1563882238898,"user_tz":-270,"elapsed":67698,"user":{"displayName":"mat kia","photoUrl":"","userId":"13133835004136888590"}}},"source":["!pip install tensorflow-gpu==1.14.0"],"execution_count":3,"outputs":[{"output_type":"stream","text":["Collecting tensorflow-gpu==1.14.0\n","\u001b[?25l  Downloading https://files.pythonhosted.org/packages/76/04/43153bfdfcf6c9a4c38ecdb971ca9a75b9a791bb69a764d652c359aca504/tensorflow_gpu-1.14.0-cp36-cp36m-manylinux1_x86_64.whl (377.0MB)\n","\u001b[K     |████████████████████████████████| 377.0MB 25kB/s \n","\u001b[?25hRequirement already satisfied: grpcio>=1.8.6 in /usr/local/lib/python3.6/dist-packages (from tensorflow-gpu==1.14.0) (1.15.0)\n","Requirement already satisfied: keras-applications>=1.0.6 in /usr/local/lib/python3.6/dist-packages (from tensorflow-gpu==1.14.0) (1.0.8)\n","Requirement already satisfied: numpy<2.0,>=1.14.5 in /usr/local/lib/python3.6/dist-packages (from tensorflow-gpu==1.14.0) (1.16.4)\n","Requirement already satisfied: six>=1.10.0 in /usr/local/lib/python3.6/dist-packages (from tensorflow-gpu==1.14.0) (1.12.0)\n","Requirement already satisfied: keras-preprocessing>=1.0.5 in /usr/local/lib/python3.6/dist-packages (from tensorflow-gpu==1.14.0) (1.1.0)\n","Requirement already satisfied: gast>=0.2.0 in /usr/local/lib/python3.6/dist-packages (from tensorflow-gpu==1.14.0) (0.2.2)\n","Requirement already satisfied: absl-py>=0.7.0 in /usr/local/lib/python3.6/dist-packages (from tensorflow-gpu==1.14.0) (0.7.1)\n","Requirement already satisfied: google-pasta>=0.1.6 in /usr/local/lib/python3.6/dist-packages (from tensorflow-gpu==1.14.0) (0.1.7)\n","Requirement already satisfied: termcolor>=1.1.0 in /usr/local/lib/python3.6/dist-packages (from tensorflow-gpu==1.14.0) (1.1.0)\n","Requirement already satisfied: wheel>=0.26 in /usr/local/lib/python3.6/dist-packages (from tensorflow-gpu==1.14.0) (0.33.4)\n","Requirement already satisfied: astor>=0.6.0 in /usr/local/lib/python3.6/dist-packages (from tensorflow-gpu==1.14.0) (0.8.0)\n","Requirement already satisfied: tensorflow-estimator<1.15.0rc0,>=1.14.0rc0 in /usr/local/lib/python3.6/dist-packages (from tensorflow-gpu==1.14.0) (1.14.0)\n","Requirement already satisfied: protobuf>=3.6.1 in /usr/local/lib/python3.6/dist-packages (from tensorflow-gpu==1.14.0) (3.7.1)\n","Requirement already satisfied: wrapt>=1.11.1 in /usr/local/lib/python3.6/dist-packages (from tensorflow-gpu==1.14.0) (1.11.2)\n","Requirement already satisfied: tensorboard<1.15.0,>=1.14.0 in /usr/local/lib/python3.6/dist-packages (from tensorflow-gpu==1.14.0) (1.14.0)\n","Requirement already satisfied: h5py in /usr/local/lib/python3.6/dist-packages (from keras-applications>=1.0.6->tensorflow-gpu==1.14.0) (2.8.0)\n","Requirement already satisfied: setuptools in /usr/local/lib/python3.6/dist-packages (from protobuf>=3.6.1->tensorflow-gpu==1.14.0) (41.0.1)\n","Requirement already satisfied: markdown>=2.6.8 in /usr/local/lib/python3.6/dist-packages (from tensorboard<1.15.0,>=1.14.0->tensorflow-gpu==1.14.0) (3.1.1)\n","Requirement already satisfied: werkzeug>=0.11.15 in /usr/local/lib/python3.6/dist-packages (from tensorboard<1.15.0,>=1.14.0->tensorflow-gpu==1.14.0) (0.15.5)\n","Installing collected packages: tensorflow-gpu\n","  Found existing installation: tensorflow-gpu 1.5.0\n","    Uninstalling tensorflow-gpu-1.5.0:\n","      Successfully uninstalled tensorflow-gpu-1.5.0\n","Successfully installed tensorflow-gpu-1.14.0\n"],"name":"stdout"}]},{"cell_type":"code","metadata":{"id":"C1Gsf8SfFJCw","colab_type":"code","outputId":"04fc9e5c-a958-4f3c-c182-4687ee061ee8","executionInfo":{"status":"ok","timestamp":1563882371293,"user_tz":-270,"elapsed":8125,"user":{"displayName":"mat kia","photoUrl":"","userId":"13133835004136888590"}},"colab":{"base_uri":"https://localhost:8080/","height":35}},"source":["import numpy as np\n","\n","labels_train = np.fromfile('./drive/My Drive/Colab Notebooks/CNN Homework/train_y.bin', dtype=np.uint8).astype(np.int32) - 1\n","labels_test = np.fromfile('./drive/My Drive/Colab Notebooks/CNN Homework/test_y.bin', dtype=np.uint8).astype(np.int32) - 1\n","\n","images_train = np.fromfile('./drive/My Drive/Colab Notebooks/CNN Homework/train_X.bin', dtype=np.uint8)\n","images_train = images_train.reshape(-1, 3, 96, 96)\n","images_train = np.transpose(images_train, (0, 3, 2, 1)).astype(np.float)\n","\n","images_test = np.fromfile('./drive/My Drive/Colab Notebooks/CNN Homework/test_X.bin', dtype=np.uint8)\n","images_test = images_test.reshape(-1, 3, 96, 96)\n","images_test = np.transpose(images_test, (0, 3, 2, 1)).astype(np.float)\n","\n","print('[*] Dataset Loaded Successfully!')"],"execution_count":3,"outputs":[{"output_type":"stream","text":["[*] Dataset Loaded Successfully!\n"],"name":"stdout"}]},{"cell_type":"code","metadata":{"id":"eYbrbXymFLnj","colab_type":"code","colab":{}},"source":["import tensorflow as tf\n","\n","\n","train_input_fn = tf.estimator.inputs.numpy_input_fn(\n","    x={'x': images_train},\n","    y=labels_train,\n","    batch_size=100,\n","    num_epochs=None,\n","    shuffle=True\n",")\n","\n","test_input_fn = tf.estimator.inputs.numpy_input_fn(\n","    x={'x': images_test},\n","    y=labels_test,\n","    num_epochs=1,\n","    shuffle=False\n",")"],"execution_count":0,"outputs":[]},{"cell_type":"code","metadata":{"id":"aXZUwB24FOrX","colab_type":"code","colab":{}},"source":["def cnn_model_fn(features, labels, mode):\n","  # Input Layer\n","    input_layer = tf.reshape(features['x'], [-1, 96, 96, 3])\n","\n","    # Convolutional Layer 1\n","    convolution1 = tf.layers.conv2d(\n","        inputs=input_layer,\n","        filters=32,\n","        kernel_size=[5, 5],\n","        padding='same',\n","        activation=tf.nn.relu\n","    )\n","    \n","    convolution1 *= -1\n","    pooling1 = tf.layers.max_pooling2d(inputs=convolution1, pool_size=[2, 2], strides=2)\n","    pooling1 *= -1\n","\n","    # Convolutional Layer 2\n","    convolution2 = tf.layers.conv2d(\n","        inputs=pooling1,\n","        filters=64,\n","        kernel_size=[5, 5],\n","        padding='same',\n","        activation=tf.nn.relu\n","    )\n","    \n","    convolution2 *= -1\n","    pooling2 = tf.layers.max_pooling2d(inputs=convolution2, pool_size=[2, 2], strides=2)\n","    pooling2 *= -1\n","    \n","    # Convolutional Layer 3\n","    convolution3 = tf.layers.conv2d(\n","        inputs=pooling2,\n","        filters=128,\n","        kernel_size=[5, 5],\n","        padding='same',\n","        activation=tf.nn.relu\n","    )\n","    \n","    convolution3 *= -1\n","    pooling3 = tf.layers.max_pooling2d(inputs=convolution3, pool_size=[2, 2], strides=2)\n","    pooling3 *= -1\n","    \n","    # Convolutional Layer 4\n","    convolution4 = tf.layers.conv2d(\n","        inputs=pooling3,\n","        filters=128,\n","        kernel_size=[5, 5],\n","        padding='same',\n","        activation=tf.nn.relu\n","    )\n","    \n","    convolution4 *= -1\n","    pooling4 = tf.layers.max_pooling2d(inputs=convolution4, pool_size=[2, 2], strides=2)\n","    pooling4 *= -1\n","    \n","    # Convolutional Layer 5\n","    convolution5 = tf.layers.conv2d(\n","        inputs=pooling4,\n","        filters=128,\n","        kernel_size=[5, 5],\n","        padding='same',\n","        activation=tf.nn.relu\n","    )\n","    \n","    convolution5 *= -1\n","    pooling5 = tf.layers.max_pooling2d(inputs=convolution5, pool_size=[2, 2], strides=2)\n","    pooling5 *= -1\n","    \n","    # Dense Layer\n","    pooling2_flat = tf.reshape(pooling5, [-1, 3 * 3 * 128])\n","    dense = tf.layers.dense(inputs=pooling2_flat, units=1024, activation=tf.nn.relu)\n","    dropout = tf.layers.dropout(inputs=dense, rate=0.4, training=mode == tf.estimator.ModeKeys.TRAIN)\n","    logits = tf.layers.dense(inputs=dropout, units=10)\n","\n","    predictions = {\n","        'classes': tf.argmax(logits, axis=1),\n","        'probabilities': tf.nn.softmax(logits, name='softmax_tensor')\n","    }\n","\n","    if mode == tf.estimator.ModeKeys.PREDICT:\n","        return tf.estimator.EstimatorSpec(mode=mode, predictions=predictions)\n","      \n","    loss = tf.losses.sparse_softmax_cross_entropy(labels=labels, logits=logits)\n","\n","    if mode == tf.estimator.ModeKeys.TRAIN:\n","        optimizer = tf.train.GradientDescentOptimizer(learning_rate=0.001)\n","        train_op = optimizer.minimize(loss=loss, global_step=tf.train.get_global_step())\n","        return tf.estimator.EstimatorSpec(mode=mode, loss=loss, train_op=train_op)\n","\n","    eval_metric_ops = {\n","        'accuracy': tf.metrics.accuracy(labels=labels, predictions=predictions['classes'])\n","    }\n","\n","    return tf.estimator.EstimatorSpec(mode=mode, loss=loss, eval_metric_ops=eval_metric_ops)"],"execution_count":0,"outputs":[]},{"cell_type":"code","metadata":{"id":"ezgnciODFaUz","colab_type":"code","outputId":"0f1736c7-17d9-4d2a-a8c6-230dbd91ea62","executionInfo":{"status":"ok","timestamp":1563882605719,"user_tz":-270,"elapsed":112128,"user":{"displayName":"mat kia","photoUrl":"","userId":"13133835004136888590"}},"colab":{"base_uri":"https://localhost:8080/","height":1000}},"source":["classifier = tf.estimator.Estimator(model_fn=cnn_model_fn, model_dir='.drive/My Drive/Colab Notebooks/CNN Homework/Models/conf5')\n","\n","tensors_to_log = {'probabilities': 'softmax_tensor'}\n","\n","logging_hook = tf.train.LoggingTensorHook(tensors=tensors_to_log, every_n_iter=1)\n","tf.logging.set_verbosity(tf.logging.INFO)\n","\n","\n","classifier.train(input_fn=train_input_fn, steps=10, hooks=[logging_hook])"],"execution_count":10,"outputs":[{"output_type":"stream","text":["I0723 11:48:13.797978 140322329073536 estimator.py:1790] Using default config.\n","I0723 11:48:13.802507 140322329073536 estimator.py:209] Using config: {'_model_dir': '.drive/My Drive/Colab Notebooks/CNN Homework/Models/conf5', '_tf_random_seed': None, '_save_summary_steps': 100, '_save_checkpoints_steps': None, '_save_checkpoints_secs': 600, '_session_config': allow_soft_placement: true\n","graph_options {\n","  rewrite_options {\n","    meta_optimizer_iterations: ONE\n","  }\n","}\n",", '_keep_checkpoint_max': 5, '_keep_checkpoint_every_n_hours': 10000, '_log_step_count_steps': 100, '_train_distribute': None, '_device_fn': None, '_protocol': None, '_eval_distribute': None, '_experimental_distribute': None, '_experimental_max_worker_delay_secs': None, '_service': None, '_cluster_spec': <tensorflow.python.training.server_lib.ClusterSpec object at 0x7f9f19545b00>, '_task_type': 'worker', '_task_id': 0, '_global_id_in_cluster': 0, '_master': '', '_evaluation_master': '', '_is_chief': True, '_num_ps_replicas': 0, '_num_worker_replicas': 1}\n","I0723 11:48:13.840333 140322329073536 estimator.py:1145] Calling model_fn.\n","W0723 11:48:13.866975 140322329073536 deprecation.py:323] From <ipython-input-9-7a68ff33c661>:15: max_pooling2d (from tensorflow.python.layers.pooling) is deprecated and will be removed in a future version.\n","Instructions for updating:\n","Use keras.layers.MaxPooling2D instead.\n","W0723 11:48:14.225438 140322329073536 deprecation.py:323] From <ipython-input-9-7a68ff33c661>:72: dense (from tensorflow.python.layers.core) is deprecated and will be removed in a future version.\n","Instructions for updating:\n","Use keras.layers.dense instead.\n","W0723 11:48:14.550305 140322329073536 deprecation.py:323] From <ipython-input-9-7a68ff33c661>:73: dropout (from tensorflow.python.layers.core) is deprecated and will be removed in a future version.\n","Instructions for updating:\n","Use keras.layers.dropout instead.\n","W0723 11:48:14.662876 140322329073536 deprecation.py:323] From /usr/local/lib/python3.6/dist-packages/tensorflow/python/ops/losses/losses_impl.py:121: add_dispatch_support.<locals>.wrapper (from tensorflow.python.ops.array_ops) is deprecated and will be removed in a future version.\n","Instructions for updating:\n","Use tf.where in 2.0, which has the same broadcast rule as np.where\n","I0723 11:48:14.939622 140322329073536 estimator.py:1147] Done calling model_fn.\n","I0723 11:48:14.943453 140322329073536 basic_session_run_hooks.py:541] Create CheckpointSaverHook.\n","I0723 11:48:15.141349 140322329073536 monitored_session.py:240] Graph was finalized.\n","I0723 11:48:15.422993 140322329073536 session_manager.py:500] Running local_init_op.\n","I0723 11:48:15.438850 140322329073536 session_manager.py:502] Done running local_init_op.\n","W0723 11:48:15.466613 140322329073536 deprecation.py:323] From /usr/local/lib/python3.6/dist-packages/tensorflow/python/training/monitored_session.py:875: start_queue_runners (from tensorflow.python.training.queue_runner_impl) is deprecated and will be removed in a future version.\n","Instructions for updating:\n","To construct input pipelines, use the `tf.data` module.\n","I0723 11:48:15.912794 140322329073536 basic_session_run_hooks.py:606] Saving checkpoints for 0 into .drive/My Drive/Colab Notebooks/CNN Homework/Models/conf5/model.ckpt.\n","I0723 11:48:28.301230 140322329073536 basic_session_run_hooks.py:262] probabilities = [[0.2178503  0.04420268 0.05873075 0.04776632 0.05140685 0.06035417\n","  0.44272387 0.01474039 0.0381396  0.02408508]\n"," [0.03164455 0.03699951 0.00656409 0.02195779 0.34299805 0.04940355\n","  0.34926851 0.0848898  0.03151448 0.04475968]\n"," [0.93362814 0.00002399 0.04192992 0.00001185 0.01772712 0.00002142\n","  0.00404424 0.00001658 0.00019486 0.00240187]\n"," [0.02189235 0.02312323 0.18932959 0.01611965 0.02013287 0.07275698\n","  0.58209413 0.0465997  0.01635375 0.01159775]\n"," [0.10314651 0.08169424 0.12338273 0.0759772  0.07076222 0.15800383\n","  0.121318   0.10875768 0.10341907 0.05353851]\n"," [0.08602076 0.04743401 0.16281255 0.05271893 0.05458527 0.04541323\n","  0.27256942 0.02830981 0.11524803 0.13488799]\n"," [0.11507697 0.06420616 0.04262897 0.11751553 0.25935353 0.0194025\n","  0.12799531 0.03305717 0.19512949 0.02563438]\n"," [0.04619385 0.00758735 0.10769205 0.16642419 0.26232752 0.03770287\n","  0.12044908 0.05856073 0.10977025 0.08329211]\n"," [0.02058246 0.00000981 0.00130137 0.0061098  0.96064056 0.00102069\n","  0.00925911 0.00019741 0.00087417 0.00000463]\n"," [0.23777899 0.11297001 0.07216013 0.08727244 0.07686825 0.09279487\n","  0.19795837 0.04803914 0.04467102 0.02948678]\n"," [0.12234209 0.04704691 0.11529208 0.07780694 0.11939019 0.07933909\n","  0.14117213 0.13701962 0.08502039 0.07557056]\n"," [0.09698354 0.06503109 0.05042181 0.04894496 0.15185735 0.17518618\n","  0.31404349 0.01388879 0.06279819 0.0208446 ]\n"," [0.11811531 0.14302154 0.18625716 0.08359452 0.03353132 0.02912525\n","  0.24758226 0.06448886 0.07306849 0.02121529]\n"," [0.08209941 0.00861112 0.05159078 0.05637017 0.0651087  0.20572938\n","  0.13292192 0.12979464 0.25392781 0.01384606]\n"," [0.04978062 0.05308132 0.17591147 0.13365535 0.1515308  0.06129633\n","  0.22179017 0.03991054 0.0614816  0.0515618 ]\n"," [0.10838818 0.14105448 0.11792405 0.08143707 0.04090019 0.02579593\n","  0.29064765 0.04549865 0.13041297 0.01794083]\n"," [0.07117106 0.03658426 0.32775739 0.05807085 0.01772431 0.02524321\n","  0.27753352 0.0398823  0.11927698 0.02675612]\n"," [0.12920036 0.09087384 0.10166368 0.14587843 0.06275346 0.07503073\n","  0.13167752 0.09485438 0.11360727 0.05446033]\n"," [0.20651756 0.00081769 0.0008947  0.00630462 0.02888934 0.00014581\n","  0.50682955 0.00181607 0.19892944 0.04885524]\n"," [0.03578789 0.03281717 0.09089661 0.04881657 0.17197853 0.1022731\n","  0.28353687 0.1750816  0.04396575 0.0148459 ]\n"," [0.28292975 0.19682735 0.08401594 0.00798766 0.01604628 0.2872943\n","  0.05846087 0.00604599 0.02705035 0.03334151]\n"," [0.67574332 0.03415358 0.03055261 0.00406596 0.08074216 0.02122063\n","  0.03618388 0.01564106 0.07679986 0.02489695]\n"," [0.08876278 0.00619714 0.04080645 0.07026728 0.023382   0.02916373\n","  0.15793994 0.02464148 0.53006588 0.02877333]\n"," [0.10993926 0.01885709 0.12206721 0.09106099 0.1412151  0.00681057\n","  0.20631335 0.03463564 0.2582412  0.01085959]\n"," [0.17678493 0.02847732 0.06528174 0.08488971 0.40102042 0.0094915\n","  0.16695953 0.00441541 0.06228287 0.00039658]\n"," [0.13217324 0.00295174 0.05931955 0.02484225 0.02327092 0.10485693\n","  0.32642999 0.01137808 0.05047724 0.26430005]\n"," [0.09116194 0.0455842  0.04945203 0.1698198  0.15118938 0.08773602\n","  0.26026566 0.03642203 0.0589346  0.04943433]\n"," [0.09360054 0.15347104 0.14180997 0.1290515  0.16812606 0.07736004\n","  0.10309749 0.02585171 0.04209821 0.06553345]\n"," [0.06735014 0.09994329 0.03099552 0.2242773  0.11235182 0.15453978\n","  0.09204456 0.10202676 0.04716153 0.06930931]\n"," [0.06034126 0.03845034 0.42815231 0.00380894 0.08706658 0.02029162\n","  0.32050693 0.01561146 0.02101764 0.00475291]\n"," [0.08752625 0.21533695 0.03780547 0.09885326 0.08796878 0.11673979\n","  0.15416354 0.02790088 0.16179806 0.01190701]\n"," [0.04095517 0.04885816 0.18803187 0.06589596 0.15164746 0.0940073\n","  0.0945316  0.0119419  0.2845381  0.01959248]\n"," [0.12450172 0.08555641 0.08537545 0.08932572 0.13485655 0.13959943\n","  0.11172757 0.09303216 0.06851785 0.06750714]\n"," [0.03190001 0.00137626 0.28392082 0.03526    0.17367391 0.01129074\n","  0.36193453 0.00020105 0.09936225 0.00108043]\n"," [0.09590024 0.07426601 0.08031485 0.10057293 0.10942706 0.06350481\n","  0.16410333 0.09875795 0.1858426  0.02731023]\n"," [0.0218456  0.0149704  0.31843997 0.04719493 0.05130108 0.03324175\n","  0.48746236 0.00956618 0.0102729  0.00570484]\n"," [0.15043784 0.01189172 0.05250697 0.02327448 0.27795244 0.30568202\n","  0.02470221 0.02020678 0.06767715 0.06566839]\n"," [0.05342492 0.06196764 0.08984892 0.03346721 0.02358761 0.14064676\n","  0.50248801 0.03928463 0.04578068 0.00950361]\n"," [0.06804475 0.09882632 0.09851429 0.12964461 0.1058735  0.10146774\n","  0.12457546 0.09843228 0.1000785  0.07454254]\n"," [0.02875279 0.07534558 0.0070178  0.00310837 0.48663047 0.0589042\n","  0.33054825 0.00340855 0.00466033 0.00162367]\n"," [0.32729441 0.06669934 0.02656229 0.05463187 0.1236229  0.01678164\n","  0.2377999  0.07262705 0.03890706 0.03507354]\n"," [0.4818302  0.01167497 0.00714771 0.04414196 0.10764595 0.00360519\n","  0.11046753 0.01136274 0.20462457 0.01749918]\n"," [0.68388408 0.01613635 0.00453728 0.01944373 0.00201296 0.03270024\n","  0.24111222 0.00013781 0.00000311 0.00003222]\n"," [0.02633261 0.06166172 0.01029376 0.01403789 0.00650275 0.06656287\n","  0.73982335 0.02169612 0.0323274  0.02076154]\n"," [0.18432955 0.03755476 0.02974885 0.10498848 0.15358446 0.16303361\n","  0.15753823 0.0385048  0.06945544 0.06126181]\n"," [0.00582808 0.02804926 0.14777644 0.00407592 0.36797275 0.00446901\n","  0.30191811 0.00426343 0.13480353 0.00084346]\n"," [0.09110388 0.01149457 0.08384714 0.02361252 0.01265684 0.14325618\n","  0.59903286 0.01719744 0.00491108 0.01288749]\n"," [0.23995261 0.02392194 0.06356546 0.09299543 0.19353223 0.09713326\n","  0.20262426 0.0055149  0.06665231 0.01410759]\n"," [0.12359163 0.07587053 0.11885533 0.10963585 0.08816791 0.08924389\n","  0.10441455 0.09443856 0.09314477 0.10263697]\n"," [0.15790898 0.09247043 0.08440802 0.08446296 0.05203261 0.06779286\n","  0.12847219 0.0670688  0.18871413 0.07666902]\n"," [0.0231333  0.01796923 0.02103647 0.02238688 0.52818462 0.02421188\n","  0.30000437 0.00462697 0.04037924 0.01806704]\n"," [0.16783014 0.06187518 0.13265925 0.10274066 0.06795547 0.07153503\n","  0.1222782  0.08085576 0.09306494 0.09920537]\n"," [0.05750308 0.08842923 0.08784994 0.10193351 0.11436809 0.14607206\n","  0.10535968 0.09744192 0.12367756 0.07736493]\n"," [0.43226486 0.02233082 0.07368518 0.03705425 0.32461495 0.02493171\n","  0.01334833 0.00596638 0.03026134 0.03554218]\n"," [0.22053935 0.04522596 0.12439307 0.24674089 0.12114781 0.02507793\n","  0.06553163 0.04639293 0.07841786 0.02653257]\n"," [0.29275704 0.00075872 0.01284954 0.01351173 0.41334619 0.00184052\n","  0.21441159 0.00151167 0.02165144 0.02736156]\n"," [0.14488743 0.09764036 0.14595171 0.05228514 0.08486272 0.13669251\n","  0.09608971 0.06085393 0.11311868 0.06761781]\n"," [0.19044238 0.10068744 0.06284315 0.09779144 0.12410547 0.12908712\n","  0.12222396 0.09542466 0.04236333 0.03503106]\n"," [0.29097574 0.01097082 0.19181662 0.01305095 0.05712231 0.29988385\n","  0.08874101 0.01021742 0.0339338  0.00328748]\n"," [0.63091455 0.00519125 0.10792595 0.01481941 0.01659742 0.0839689\n","  0.11212636 0.00168804 0.01259941 0.01416872]\n"," [0.08777456 0.07967232 0.19367668 0.07970218 0.07997324 0.06112345\n","  0.21159542 0.03821535 0.10757356 0.06069325]\n"," [0.03217915 0.19491908 0.03637916 0.17381099 0.156311   0.0228527\n","  0.25625926 0.03068546 0.03383459 0.06276862]\n"," [0.17751936 0.0721065  0.16839165 0.09534377 0.08241399 0.04858625\n","  0.09986357 0.08646684 0.04632236 0.1229857 ]\n"," [0.13954654 0.14296505 0.07842146 0.08383753 0.16238698 0.10043279\n","  0.11459992 0.04840316 0.08955308 0.0398535 ]\n"," [0.14791193 0.08501441 0.08481736 0.09476976 0.11570643 0.07628889\n","  0.16859493 0.1190275  0.08076024 0.02710854]\n"," [0.16435061 0.06882682 0.11395848 0.14908834 0.12852913 0.11681562\n","  0.11041043 0.05760958 0.063526   0.026885  ]\n"," [0.0659995  0.00424902 0.1687201  0.04409785 0.05099954 0.5168208\n","  0.08938692 0.00625377 0.04851491 0.0049576 ]\n"," [0.21082438 0.00838911 0.18567118 0.05849797 0.33576908 0.06648855\n","  0.04973049 0.00556511 0.06441487 0.01464925]\n"," [0.07959107 0.00039837 0.01225823 0.06232867 0.12310115 0.00529983\n","  0.61635034 0.0091364  0.08870814 0.0028278 ]\n"," [0.09910229 0.09210252 0.10250958 0.10799521 0.0924144  0.09361336\n","  0.1117345  0.10154548 0.11038632 0.08859634]\n"," [0.08518978 0.10003929 0.04869428 0.13703317 0.19303704 0.04585718\n","  0.17075039 0.03747316 0.12822154 0.05370418]\n"," [0.12769119 0.03485201 0.06000179 0.17617725 0.16706047 0.04150596\n","  0.15836484 0.01531775 0.1824788  0.03654993]\n"," [0.00551269 0.00554156 0.16470092 0.012684   0.01695692 0.71553757\n","  0.05497987 0.00496103 0.01860879 0.00051665]\n"," [0.11681342 0.03714279 0.05816891 0.11975244 0.24015061 0.04063463\n","  0.17329135 0.0289176  0.10459629 0.08053195]\n"," [0.00276813 0.30517651 0.01843521 0.00910788 0.22810262 0.0240983\n","  0.40558494 0.00399797 0.00217705 0.0005514 ]\n"," [0.16992701 0.0490952  0.17108697 0.03221456 0.03694504 0.03889386\n","  0.32426714 0.10353084 0.05973873 0.01430065]\n"," [0.04372989 0.01037263 0.01711515 0.0416972  0.69243032 0.0082287\n","  0.14328406 0.02015524 0.01344253 0.00954429]\n"," [0.2617276  0.03509607 0.1065979  0.07337624 0.08664056 0.11332911\n","  0.05379116 0.07156958 0.15227918 0.0455926 ]\n"," [0.22864939 0.03686166 0.14067558 0.17424697 0.02796115 0.06416495\n","  0.27406456 0.01383604 0.03568042 0.0038593 ]\n"," [0.11578048 0.15670792 0.03082314 0.2668486  0.11663969 0.08046667\n","  0.17007566 0.01904832 0.03451933 0.00909017]\n"," [0.06344649 0.02048909 0.07368747 0.03939308 0.09047474 0.08148418\n","  0.57576318 0.00461617 0.02038287 0.03026273]\n"," [0.05815043 0.01944096 0.78218312 0.0295741  0.01416796 0.0058299\n","  0.06308858 0.00704049 0.01698589 0.00353857]\n"," [0.05273687 0.07029143 0.16619245 0.17222117 0.05558605 0.21821763\n","  0.08846484 0.04484764 0.02685018 0.10459175]\n"," [0.14005473 0.0042964  0.03617268 0.03694696 0.03357125 0.27338165\n","  0.00830917 0.00129565 0.44749872 0.01847279]\n"," [0.0444277  0.00472659 0.77462291 0.0188748  0.03238671 0.01636231\n","  0.07230498 0.00294014 0.0246641  0.00868976]\n"," [0.11236402 0.16200876 0.12927802 0.0543012  0.01978496 0.04511\n","  0.18506448 0.07861585 0.17007474 0.04339796]\n"," [0.08739639 0.06348773 0.10396141 0.12310068 0.26175544 0.03940704\n","  0.22519921 0.00492285 0.07405932 0.01670994]\n"," [0.13167933 0.10354269 0.05726125 0.18908654 0.17734578 0.06063016\n","  0.06416992 0.03023728 0.1666491  0.01939795]\n"," [0.07119731 0.06677718 0.04994485 0.29487269 0.10445648 0.05236831\n","  0.1656149  0.07967856 0.07015549 0.04493423]\n"," [0.0770764  0.01085702 0.31461809 0.18856375 0.13735513 0.0124978\n","  0.10974741 0.05935613 0.07910974 0.01081852]\n"," [0.0363496  0.04850221 0.06672949 0.08193071 0.30503915 0.15699975\n","  0.10522869 0.03319813 0.14460441 0.02141785]\n"," [0.10243857 0.03566611 0.17307011 0.11568569 0.11391734 0.08478741\n","  0.05833012 0.15989132 0.10872913 0.04748421]\n"," [0.16191935 0.12406222 0.10559009 0.08744081 0.1026102  0.09985424\n","  0.12052833 0.06443949 0.0746125  0.05894278]\n"," [0.25440174 0.02237085 0.050556   0.02467112 0.2484851  0.06151517\n","  0.27522608 0.02844627 0.02484239 0.00948529]\n"," [0.0803816  0.05698912 0.05662686 0.1236313  0.25358134 0.10398543\n","  0.17183299 0.03416654 0.08431546 0.03448935]\n"," [0.0800088  0.0645009  0.13876124 0.07919544 0.18707555 0.02213727\n","  0.15634579 0.1324992  0.05203991 0.0874359 ]\n"," [0.65550746 0.00016438 0.20956045 0.00136579 0.03912114 0.00856076\n","  0.07577917 0.00108185 0.00807992 0.00077906]\n"," [0.24701451 0.03090051 0.09250292 0.03971965 0.20195028 0.02024559\n","  0.18535119 0.04571973 0.09973058 0.03686504]\n"," [0.07547478 0.11535992 0.02738279 0.14523075 0.03141076 0.18506356\n","  0.32354406 0.02921362 0.05556959 0.01175017]\n"," [0.04473208 0.02321657 0.07844211 0.13268744 0.19966496 0.06501697\n","  0.29272553 0.03019415 0.11549435 0.01782585]]\n","I0723 11:48:28.303197 140322329073536 basic_session_run_hooks.py:262] loss = 3.0055017471313477, step = 1\n","I0723 11:48:38.990173 140322329073536 basic_session_run_hooks.py:260] probabilities = [[0.1004615  0.07196912 0.09803161 0.14144601 0.07303813 0.09513616\n","  0.13321919 0.07751628 0.13668034 0.07250166]\n"," [0.18444728 0.05740462 0.10807558 0.11239406 0.0683109  0.09817379\n","  0.07531636 0.05669914 0.15205194 0.08712632]\n"," [0.12914674 0.07806645 0.02726461 0.10796228 0.28282316 0.02096566\n","  0.09340824 0.05131896 0.17406222 0.03498168]\n"," [0.08277492 0.0448201  0.08393929 0.12362271 0.16685877 0.07213443\n","  0.22366076 0.04312028 0.13548101 0.02358772]\n"," [0.16222324 0.11436891 0.04856324 0.12377693 0.08154622 0.08744374\n","  0.04354902 0.1533284  0.16016127 0.02503903]\n"," [0.10268511 0.04850271 0.07092487 0.2165617  0.07570433 0.09324488\n","  0.11421575 0.0741449  0.10962312 0.09439264]\n"," [0.10011617 0.1142346  0.07266939 0.14459691 0.09764008 0.07351996\n","  0.18655728 0.03981561 0.12120245 0.04964755]\n"," [0.04923101 0.08219262 0.01802333 0.33832427 0.15778641 0.06228796\n","  0.1715891  0.02213046 0.0693483  0.02908654]\n"," [0.08277371 0.02682314 0.1665189  0.13408073 0.13056721 0.06397583\n","  0.06952781 0.1751694  0.08687808 0.06368519]\n"," [0.13477281 0.05664811 0.05223211 0.15031112 0.0625192  0.18107027\n","  0.243628   0.0420717  0.02872955 0.04801713]\n"," [0.09995769 0.0744533  0.0370604  0.24729192 0.04681623 0.17957046\n","  0.0535828  0.075277   0.13243952 0.05355068]\n"," [0.16320645 0.00923066 0.06167932 0.08452945 0.31490053 0.01854665\n","  0.21775663 0.01157688 0.10349939 0.01507403]\n"," [0.09489798 0.05539075 0.11405512 0.10303684 0.11782948 0.10998106\n","  0.11731691 0.11443696 0.10143663 0.07161826]\n"," [0.05111206 0.14405019 0.14982977 0.05819149 0.09139591 0.04794264\n","  0.16415667 0.11923787 0.15157579 0.02250761]\n"," [0.22722183 0.07267239 0.14697394 0.08148365 0.13380219 0.05459151\n","  0.03172372 0.09792387 0.08295349 0.07065342]\n"," [0.09969871 0.09743894 0.07680446 0.10695991 0.12967864 0.08249901\n","  0.10727704 0.09691789 0.12434529 0.0783801 ]\n"," [0.20347467 0.05469702 0.1013954  0.11543894 0.03801801 0.06634129\n","  0.02846095 0.1308811  0.22759582 0.03369679]\n"," [0.15847364 0.03090425 0.11297903 0.12579006 0.06066011 0.05676443\n","  0.03407129 0.17410348 0.21181896 0.03443476]\n"," [0.03844808 0.31913722 0.01599108 0.14202631 0.0930605  0.05703474\n","  0.11480103 0.0107045  0.17549195 0.03330459]\n"," [0.13686629 0.0761341  0.09597176 0.12169002 0.1055669  0.09778702\n","  0.1016216  0.08207768 0.09063711 0.09164753]\n"," [0.0939038  0.10208009 0.09401155 0.08175404 0.10144592 0.08893916\n","  0.12740784 0.09722483 0.13892561 0.07430715]\n"," [0.11374643 0.16452134 0.04133602 0.16262757 0.133056   0.05159394\n","  0.11196174 0.05299292 0.10564474 0.06251929]\n"," [0.1897617  0.04517324 0.04051635 0.11163443 0.13712735 0.02830868\n","  0.07783185 0.0799134  0.13484193 0.15489107]\n"," [0.11160427 0.08134791 0.33988855 0.10382273 0.0711973  0.09902218\n","  0.03775435 0.04266446 0.09208923 0.02060902]\n"," [0.06876274 0.06764734 0.12227773 0.16745614 0.11043244 0.09959185\n","  0.11399532 0.16264556 0.05295502 0.03423587]\n"," [0.16258875 0.16023803 0.07894904 0.02033237 0.03194326 0.16817284\n","  0.02521524 0.06091046 0.28542472 0.00622528]\n"," [0.35424661 0.05363397 0.07381899 0.13194677 0.03442686 0.06153968\n","  0.0533181  0.08715363 0.11504863 0.03486677]\n"," [0.10596216 0.04618188 0.07149594 0.19414873 0.08377451 0.20672708\n","  0.08591022 0.06191366 0.12443572 0.0194501 ]\n"," [0.04396572 0.19281524 0.05330405 0.13519336 0.05973047 0.07966153\n","  0.09168185 0.11086722 0.18845241 0.04432815]\n"," [0.19318697 0.14561744 0.11372368 0.01766402 0.04861523 0.16803083\n","  0.08296039 0.04407823 0.15662987 0.02949334]\n"," [0.07604124 0.02514437 0.09851333 0.06578455 0.36960532 0.04351858\n","  0.06901552 0.08354635 0.1167009  0.05212984]\n"," [0.12382205 0.0504797  0.15744619 0.11144236 0.14357231 0.13397575\n","  0.10226327 0.05624662 0.07877053 0.04198121]\n"," [0.06047964 0.07479212 0.05761142 0.14670244 0.06201451 0.01957459\n","  0.44556387 0.02754862 0.07014724 0.03556555]\n"," [0.19220763 0.04441288 0.23186289 0.11263626 0.08125541 0.02026332\n","  0.05449198 0.03717934 0.1542683  0.07142199]\n"," [0.07207847 0.08143854 0.08272131 0.16153915 0.1037653  0.08236455\n","  0.14282891 0.07587848 0.13900442 0.05838086]\n"," [0.1732886  0.07134914 0.06298088 0.12962551 0.09478287 0.1014908\n","  0.0980075  0.06413953 0.13446229 0.06987288]\n"," [0.05852325 0.06659553 0.08603557 0.1121122  0.03027034 0.1189819\n","  0.23588894 0.14206369 0.09095583 0.05857274]\n"," [0.12212213 0.05792419 0.11114924 0.11419049 0.10681826 0.10104301\n","  0.10659491 0.09811269 0.11422734 0.06781774]\n"," [0.17757652 0.08295117 0.07360922 0.12166435 0.07983857 0.05263496\n","  0.24989807 0.04275855 0.076713   0.04235559]\n"," [0.10896638 0.04112605 0.10976182 0.10751506 0.09464034 0.04052008\n","  0.04100881 0.1540608  0.19011281 0.11228785]\n"," [0.05938713 0.1110204  0.06342552 0.14649817 0.09944137 0.07873312\n","  0.07281491 0.07800128 0.16306699 0.1276111 ]\n"," [0.06486004 0.10437994 0.05846028 0.06269688 0.09928091 0.05255336\n","  0.14714565 0.1502706  0.18129137 0.07906099]\n"," [0.0605248  0.09489343 0.0433327  0.09041096 0.16704158 0.08920209\n","  0.16933037 0.07698872 0.12378721 0.08448815]\n"," [0.36884523 0.02032438 0.01088275 0.10049083 0.05664061 0.00462612\n","  0.01605768 0.11708865 0.29211951 0.01292426]\n"," [0.22415901 0.05605099 0.05653317 0.09939572 0.05629972 0.0498006\n","  0.02222375 0.08648131 0.32506529 0.02399043]\n"," [0.11057429 0.11066919 0.22180694 0.16171342 0.09125739 0.11529195\n","  0.05651468 0.07711251 0.02997061 0.02508902]\n"," [0.08139066 0.09898224 0.04161792 0.08881111 0.1301643  0.11209358\n","  0.150081   0.10861011 0.15316636 0.03508272]\n"," [0.19805671 0.04208221 0.08140164 0.10110418 0.04988555 0.06328649\n","  0.12630628 0.14337828 0.14628372 0.04821495]\n"," [0.05682447 0.082499   0.10874676 0.13630448 0.10333202 0.08333447\n","  0.12970205 0.06286489 0.17827119 0.05812068]\n"," [0.18580299 0.0851484  0.06478938 0.10930677 0.14914196 0.15993735\n","  0.05397017 0.07218764 0.10053201 0.01918331]\n"," [0.1996022  0.07606772 0.03819078 0.19533687 0.04699526 0.10880993\n","  0.09461352 0.07024596 0.11167022 0.05846754]\n"," [0.17321067 0.12737204 0.06467318 0.07833398 0.07461703 0.13250168\n","  0.08633198 0.09861339 0.11382791 0.05051814]\n"," [0.27231765 0.08978598 0.03024788 0.09983953 0.13579952 0.05305828\n","  0.04879641 0.05051208 0.16718311 0.05245957]\n"," [0.12924357 0.03017138 0.05154372 0.18053693 0.087358   0.05974121\n","  0.22516527 0.09251042 0.11330633 0.03042316]\n"," [0.07081743 0.1843406  0.03540766 0.26520527 0.09471656 0.05617019\n","  0.08968029 0.04518815 0.10005698 0.05841686]\n"," [0.1009157  0.07959913 0.12630254 0.08084608 0.12203772 0.0906077\n","  0.10268445 0.0900581  0.14991218 0.05703639]\n"," [0.09572221 0.0766796  0.09892672 0.14117161 0.09174449 0.06168879\n","  0.10562932 0.04181066 0.20221969 0.08440691]\n"," [0.04547331 0.30337611 0.08668738 0.05255823 0.06345364 0.18798136\n","  0.14029384 0.03127743 0.08299821 0.00590048]\n"," [0.14563056 0.10849319 0.07633615 0.10531054 0.10491519 0.07705755\n","  0.1250586  0.07513217 0.14408943 0.03797662]\n"," [0.25569162 0.01210969 0.03843781 0.09094681 0.14572003 0.01806989\n","  0.07069642 0.0439548  0.29831946 0.02605346]\n"," [0.03890366 0.08695638 0.02257268 0.16359186 0.31032497 0.03564249\n","  0.11232526 0.04104973 0.13840521 0.05022775]\n"," [0.13052909 0.20026851 0.07500068 0.13515893 0.15661219 0.06468802\n","  0.04506583 0.06712835 0.11117698 0.01437142]\n"," [0.13006578 0.10138769 0.0674302  0.15160053 0.11595227 0.07268977\n","  0.16382923 0.05242827 0.0955056  0.04911065]\n"," [0.11381729 0.1339905  0.12334863 0.09120766 0.09256508 0.09463558\n","  0.08987517 0.0855638  0.10528896 0.06970734]\n"," [0.15570253 0.02116883 0.06217887 0.19787874 0.09662928 0.05640617\n","  0.15349294 0.12656246 0.08090952 0.04907067]\n"," [0.15773599 0.07336233 0.12644551 0.08805965 0.12268913 0.05313779\n","  0.1497827  0.03023965 0.18072258 0.01782467]\n"," [0.0781077  0.09238977 0.03885668 0.20200158 0.08566322 0.1555872\n","  0.06359293 0.10177564 0.13966897 0.04235631]\n"," [0.07092341 0.01123888 0.11197909 0.05752715 0.0260245  0.06033074\n","  0.27009862 0.07072232 0.23463479 0.0865205 ]\n"," [0.16344906 0.12923579 0.05637073 0.17438908 0.09089498 0.06529169\n","  0.12960863 0.05421493 0.07792787 0.05861724]\n"," [0.04067684 0.08656918 0.10580445 0.13074209 0.03936792 0.04549363\n","  0.20210894 0.06596788 0.20370716 0.07956191]\n"," [0.06748054 0.02466344 0.02887835 0.18482072 0.23310948 0.04163587\n","  0.12414598 0.04451789 0.18122929 0.06951844]\n"," [0.14665073 0.06520188 0.19439429 0.05128861 0.07399299 0.08655723\n","  0.0446671  0.07368836 0.19681946 0.06673935]\n"," [0.14084696 0.05037556 0.08853543 0.15901927 0.07215581 0.03525575\n","  0.1834923  0.15238628 0.09267288 0.02525976]\n"," [0.09205952 0.08097997 0.15113043 0.09592954 0.15000364 0.06031279\n","  0.12689003 0.07770512 0.11385152 0.05113745]\n"," [0.1382007  0.11425666 0.09480716 0.0691094  0.12031615 0.07898876\n","  0.10850062 0.08576393 0.12299335 0.06706327]\n"," [0.02397709 0.09062866 0.2281594  0.02051432 0.25360616 0.10375478\n","  0.06407986 0.07670447 0.07929908 0.05927617]\n"," [0.26673597 0.01900813 0.02084414 0.26128707 0.04961975 0.14765865\n","  0.0497462  0.01256818 0.16467732 0.00785458]\n"," [0.12926708 0.03026542 0.11389228 0.0318465  0.12099687 0.08602706\n","  0.14582884 0.06875497 0.23442148 0.03869949]\n"," [0.14149348 0.0716315  0.07855306 0.10358804 0.08192681 0.09825303\n","  0.11665756 0.10182905 0.12787062 0.07819685]\n"," [0.09812961 0.02473013 0.04349284 0.04424519 0.28184679 0.03348565\n","  0.30433979 0.03119311 0.10870109 0.02983581]\n"," [0.12420497 0.02792885 0.13581237 0.08407543 0.12403524 0.05504511\n","  0.06117994 0.08441743 0.22673756 0.0765631 ]\n"," [0.20769627 0.08090089 0.07555509 0.14057326 0.06391022 0.079682\n","  0.09009381 0.08782872 0.13080298 0.04295678]\n"," [0.07587595 0.09651495 0.11992051 0.06962991 0.17188124 0.13465021\n","  0.11440131 0.04397956 0.09209662 0.08104975]\n"," [0.0977011  0.08324347 0.08615663 0.15331347 0.02879891 0.06461659\n","  0.15925536 0.04589204 0.15466604 0.12635639]\n"," [0.09895329 0.01926758 0.03715814 0.13483073 0.24557833 0.2004158\n","  0.04776347 0.06624005 0.13721038 0.01258224]\n"," [0.10462306 0.12514578 0.0879407  0.08813689 0.10582218 0.10760714\n","  0.10093336 0.09811571 0.10368186 0.07799332]\n"," [0.06547278 0.06306208 0.03069487 0.30492572 0.10072432 0.10515833\n","  0.11745472 0.05797169 0.11896441 0.03557108]\n"," [0.3673466  0.07324484 0.03811171 0.0931505  0.09973069 0.03858293\n","  0.03923657 0.08865413 0.1533858  0.00855622]\n"," [0.29879547 0.0626